Spf12	432710 379442 	210	496.227	2060.52	13332	96.7
Spf13	263214 231964 	176	301.851	1495.53	8062	96.6
Spf14	153827 135862 	153	176.407	1005.41	4510	96.5
Spf17	4261044 3745174 	328	4886.52	12991	135712	95.3
Spf18	950418 829182 	235	1089.93	4044.33	32822	96.6
Spf24	1921899 1692026 	261	2204.01	7363.6	60350	96.5
Spf25	1058592 925278 	254	1213.98	4167.69	37462	96.5
Spf26	492982 436316 	202	565.346	2440.5	14410	96.5
Spf28	12520436 10981656 	629	14358.3	19905.3	411943	96.3
Spf29-3	1820598 1604822 	268	2087.84	6793.28	56554	96.4
Spf30	7665324 6731264 	664	8790.51	11544.2	246808	96.3
Spf32	14359365 12596522 	538	16467.2	26690.3	484143	96.1
Spf35	3794615 3336966 	476	4351.62	7971.88	126429	96.3
Spf42	81974 69894 	558	94.0069	146.907	1591	83.8
Spf43	522526 457118 	519	599.227	1006.79	9221	96.4
Spf44	959062 843988 	455	1099.84	2107.83	18674	96.9
Spf45	383655 335630 	570	439.971	673.079	6075	93.8
Spf6	932606 824518 	204	1069.5	4571.6	27382	96.1
Spm10	22331340 19121880 	283	25609.3	78909.3	989601	96.4
Spm11	20940602 17972426 	305	24014.5	68657.7	886826	96.3
Spm1-3	17850415 15305266 	298	20470.7	59900.7	763530	96.4
Spm14	18775517 16127576 	330	21531.6	56895.5	797402	96.4
Spm16	20182776 17371898 	795	23145.4	25387.1	815555	95.0
Spm2	18326533 15626330 	299	21016.7	61292.8	829383	96.3
Spm3	23828932 20312194 	300	27326.8	79429.8	1065950	96.3
Spm4	23181591 19873970 	311	26584.4	74538.9	998013	96.3
Spm7	17301388 14806092 	279	19841	62012.1	763400	96.4
Spm8	21022117 18042116 	299	24107.9	70308.1	887844	96.2
